atoms  0
L  2
zeta  0
spin  0
  0.98063424 -0.00374984 -0.00113706  0.00078974  0.00052796
 -0.00374984  0.97973833  0.00057957 -0.00016079 -0.00119446
 -0.00113706  0.00057957  0.97800367 -0.00185686  0.00234156
  0.00078974 -0.00016079 -0.00185686  0.97849929 -0.00296931
  0.00052796 -0.00119446  0.00234156 -0.00296931  0.98095623
spin  1
  0.56124922  0.35912346  0.10894222 -0.07413626 -0.04955340
  0.35912346  0.64805954 -0.05570616  0.01642522  0.11537852
  0.10894222 -0.05570616  0.81483681  0.17857672 -0.22468266
 -0.07413626  0.01642522  0.17857672  0.76459277  0.28300938
 -0.04955340  0.11537852 -0.22468266  0.28300938  0.53042354
atoms  1
L  2
zeta  0
spin  0
  0.56124922  0.35912346  0.10894222 -0.07413626 -0.04955340
  0.35912346  0.64805954 -0.05570616  0.01642522  0.11537852
  0.10894222 -0.05570616  0.81483681  0.17857672 -0.22468266
 -0.07413626  0.01642522  0.17857672  0.76459277  0.28300938
 -0.04955340  0.11537852 -0.22468266  0.28300938  0.53042354
spin  1
  0.98063424 -0.00374984 -0.00113706  0.00078974  0.00052796
 -0.00374984  0.97973833  0.00057957 -0.00016079 -0.00119446
 -0.00113706  0.00057957  0.97800367 -0.00185686  0.00234156
  0.00078974 -0.00016079 -0.00185686  0.97849929 -0.00296931
  0.00052796 -0.00119446  0.00234156 -0.00296931  0.98095623
